,报表日期,20191231,20190930,20190630,20190331,20181231,20180930,20180630,20180331,20171231,20170930,20170630,20170331,20161231,20160930,20160630,20160331,20151231,20150930,20150630,20150331,20141231,20140930,20140630,20140331,20131231,20130930,20130630,20130331,20121231,20120930,20120630,20120331,20111231,20110930,20110630,20110331,20101231,20100930,20100630,20100331,20091231,20090930,20090630,20090331,20081231,20080930,20080630,20080331,20071231,20070930,20070630,20070331,20061231,20060930,20060630,20060331,20051231,20050930,20050630,20050331,20041231,20040930,20040630,20040331,20031231,20030930,20030630,20030331,20021231,20020930,20020630,20020331,20011231,20010630,20001231,20000630,19991231,19990630,19981231,19971231,19961231,19700101
0,单位,元,元,元,元,元,元,元,元,元,元,元,元,元,元,元,元,元,元,元,元,元,元,元,元,元,元,元,元,元,元,元,元,元,元,元,元,元,元,元,元,元,元,元,元,元,元,元,元,元,元,元,元,元,元,元,元,元,元,元,元,元,元,元,元,元,元,元,元,元,元,元,元,元,元,元,元,元,元,元,元,元,
1,流动资产,,,,,,,,,,,,,,,,,,,,,,,,,,,,,,,,,,,,,,,,,,,,,,,,,,,,,,,,,,,,,,,,,,,,,,,,,,,,,,,,,,
2,货币资金,740343901.88,722699318.63,719464672.94,657674239.46,529333993.39,546248144.81,370486392.42,369350496.99,315406264.22,927099843.74,1663424270.70,378796653.23,373394765.51,263244231.07,217251288.67,308716621.57,319172208.55,167594726.37,263723855.21,271775748.54,300231444.52,284421189.65,283274534.15,340188763.39,458120046.72,230305338.59,210827083.95,206268948.52,217937012.09,236598779.17,193143864.01,169079895.12,176224718.87,141795868.58,132056666.05,106889804.06,131824360.33,94871378.36,87714055.93,127456424.86,159592834.30,160085180.05,91756339.87,97021640.14,104859306.32,85716089.51,90751942.11,73493160.33,126047429.25,88985832.79,68746270.58,62529547.10,92393587.94,84861426.29,73186262.47,92120648.95,130075766.11,120535043.39,114962713.50,74442269.42,86786771.43,52669190.36,83535101.06,91117801.13,96809729.14,74203789.32,68166514.73,91399991.28,78958640.63,92553263.26,62515452.29,87568658.87,107405655.74,63357230.82,77166181.63,122595364.25,175129152.57,17668405.05,16200716.29,2430951.46,2653744.42,0.0
3,交易性金融资产,90000000.00,75053.94,0,0,0,0,0,0,0,0,0,0,0,0,0,0,0,0,0,0,0,0,0,0,0,0,0,0,0,0,0,0,0,0,0,0,308800.00,324050.00,172000.00,428400.00,709600.00,387580.00,170200.00,118000.00,112400.00,120200.00,142400.00,293400.00,339800.00,420057.81,396439.16,374200.00,252000.00,216400.00,216400.00,164600.00,114600.00,102200.00,1297382.00,3694100.00,3694100.00,3653112.40,3722412.40,3813312.40,3813312.40,3755426.20,3755426.20,3365502.00,3365502.00,3702000.00,0,0,0,0,0,0,0,0,0,0,0,0.0
4,衍生金融资产,0,0,0,0,0,0,0,0,0,0,0,0,0,0,0,0,0,0,0,0,0,0,0,0,0,0,0,0,0,0,0,0,0,0,0,0,0,0,0,0,0,0,0,0,0,0,0,0,0,0,0,0,0,0,0,0,0,0,0,0,0,0,0,0,0,0,0,0,0,0,0,0,0,0,0,0,0,0,0,0,0,0.0
5,应收票据及应收账款,337001473.94,423185563.53,355677810.67,495689259.91,478660536.31,439293857.00,397753571.45,380329023.12,381880198.91,0,177744745.18,0,79195987.43,0,79885335.19,0,0,0,0,0,0,0,0,0,0,0,0,0,0,0,0,0,0,0,0,0,0,0,0,0,0,0,0,0,0,0,0,0,0,0,0,0,0,0,0,0,0,0,0,0,0,0,0,0,0,0,0,0,0,0,0,0,0,0,0,0,0,0,0,0,0,0.0
6,应收票据,29690487.48,93357827.38,52927938.65,72954803.97,99944237.75,49315650.04,68730997.34,64725512.29,46656139.45,30061882.63,17662974.01,16688123.12,17790246.23,7851308.14,5865475.48,11005198.51,13142145.72,6185202.32,11230495.59,19716091.02,32418330.32,18449889.12,14682391.24,27043375.02,34394927.97,35200436.86,22978804.07,17241694.22,23115068.28,17880493.04,18814265.23,23291276.35,23506493.20,18613257.56,20503669.20,19654153.43,21998266.10,26687200.66,14501416.15,8543284.02,8320585.16,13829447.86,6917553.82,3025826.35,5288008.59,3758293.54,3910440.02,3963665.38,5961952.09,1102732.20,1828283.92,1622349.00,33436062.66,4179402.60,3004100.03,9672211.00,0,382080.14,471168.95,0,0,0,0,0,0,0,0,0,0,0,0,0,0,0,0,0,0,0,500000.00,0,0,0.0
7,应收账款,307310986.46,329827736.15,302749872.02,422734455.94,378716298.56,389978206.96,329022574.11,315603510.83,335224059.46,241368366.62,160081771.17,63481349.54,61405741.20,124917059.02,74019859.71,17466620.02,19328913.85,24044474.63,148027423.47,184498119.55,124684908.26,166921856.03,169182444.53,135124112.38,108036723.96,150246417.21,130384796.33,148415276.02,109427883.11,144007105.73,136996131.78,129567672.42,93511365.90,107013897.61,95183111.22,106758808.30,55859965.54,91747953.12,97649717.83,103778876.12,89480940.71,142569892.81,114541725.10,102826988.86,57581200.76,101411200.50,92415693.04,63614397.02,72298875.76,101928649.61,83692704.71,78741621.08,78911607.89,73536566.17,51501353.41,51849434.96,52652238.94,63453548.10,52634950.17,61247053.49,52638081.24,34170646.49,31989636.18,26852729.17,31294785.71,35967262.00,43413176.33,43044170.99,54947146.51,39022970.57,40547241.04,43556564.93,46025347.66,44438510.59,37541906.34,38979075.34,36008242.01,36811189.33,36626642.53,20765500.77,7189907.91,0.0
8,应收款项融资,66528070.98,0,0,0,0,0,0,0,0,0,0,0,0,0,0,0,0,0,0,0,0,0,0,0,0,0,0,0,0,0,0,0,0,0,0,0,0,0,0,0,0,0,0,0,0,0,0,0,0,0,0,0,0,0,0,0,0,0,0,0,0,0,0,0,0,0,0,0,0,0,0,0,0,0,0,0,0,0,0,0,0,0.0
9,预付款项,10926633.40,1421715.74,1613030.99,3969510.75,1577594.23,1218358.88,1950791.26,1489865.22,958451.27,7362518.46,4212407.54,4587006.94,1345220.14,2736844.44,1655663.42,2046405.22,1681520.35,4005247.79,41451936.97,33241513.77,34143956.65,24624559.71,27329212.74,27902294.34,36583392.84,28106711.38,18028001.60,30948348.54,32573676.43,10517462.48,11689623.52,13378100.87,15759023.50,4465462.50,5458864.13,4251003.53,14845975.59,12848404.93,9521596.88,6445996.20,10701853.45,7987457.85,2554553.82,3226446.38,13587174.99,3944716.69,3304670.22,5655719.49,6022870.83,12393798.45,17136990.38,33912061.77,16998639.23,32027696.72,20394852.85,9268499.87,6024376.77,4949665.32,4532483.47,6713684.17,4342114.05,168085.69,241833.95,263449.38,284859.95,18207442.29,18119562.36,18312340.51,18212503.98,18180858.67,18181260.18,201233.18,30393270.83,80824054.69,57269723.31,37035828.41,37014400.00,13023131.09,12492105.09,106570.04,19631.09,0.0
10,其他应收款(合计),15761526.82,18246077.00,17931428.24,15626260.65,14429944.19,27562581.69,23304036.00,23400835.22,23096624.50,0,30207256.90,0,26220596.34,0,55336040.42,0,0,0,0,0,0,0,0,0,0,0,0,0,0,0,0,0,0,0,0,0,0,0,0,0,0,0,0,0,0,0,0,0,0,0,0,0,0,0,0,0,0,0,0,0,0,0,0,0,0,0,0,0,0,0,0,0,0,0,0,0,0,0,0,0,0,0.0
11,应收利息,0,0,0,0,0,0,0,0,0,0,0,0,0,0,0,0,0,0,0,0,0,0,0,0,0,0,0,0,0,0,0,0,0,0,0,0,0,0,0,0,0,0,0,0,0,0,0,0,0,0,0,0,0,0,0,0,0,0,0,0,0,0,0,0,0,0,0,0,0,0,0,0,0,0,0,0,0,0,0,0,0,0.0
12,应收股利,0,0,0,0,0,0,0,0,0,0,0,0,0,0,0,0,0,0,0,0,0,0,0,0,0,0,0,0,0,0,0,0,0,0,0,0,0,0,0,0,0,0,0,0,0,0,0,0,0,0,0,0,0,0,0,0,0,0,0,0,0,0,0,0,69300.00,0,0,0,1915904.19,0,0,0,0,0,0,0,0,0,0,0,0,0.0
13,其他应收款,15761526.82,0,17931428.24,0,14429944.19,27562581.69,23304036.00,23400835.22,23096624.50,27807604.55,30207256.90,29359336.24,26220596.34,46466651.10,55336040.42,1401555.68,4559880.26,2919749.71,9794874.21,52290190.84,13599076.56,45778124.94,70307457.00,85488555.28,10316262.82,8287155.28,16237564.46,15751583.95,16065919.91,13539037.30,19246105.40,8349239.41,15615919.39,10591038.30,19247030.19,60825870.18,55600719.05,58333175.51,51941150.18,58432920.54,55687162.10,24123496.46,132106362.88,129460654.50,126173533.94,118249764.25,111171482.66,108485407.21,101895065.91,49330257.71,50740391.30,224611669.12,199175588.39,195881709.01,188852093.98,194793949.74,180167587.08,152969124.88,153546995.13,157703370.49,126959693.36,171066448.28,161345120.31,168176163.54,163806310.74,152684728.61,146726296.65,143653599.09,123921111.99,126596417.56,141382511.07,111859260.92,72224716.23,59727391.68,48820140.24,54214332.74,11377509.79,7053494.70,4369406.47,1320873.95,5446210.17,0.0
14,买入返售金融资产,0,0,0,0,0,0,0,0,0,0,0,0,0,0,0,0,0,0,0,0,0,0,0,0,0,0,0,0,0,0,0,0,0,0,0,0,0,0,0,0,0,0,0,0,0,0,0,0,0,0,0,0,0,0,0,0,0,0,0,0,0,0,0,0,0,0,0,0,0,0,0,0,0,0,0,0,0,0,0,0,0,0.0
15,存货,74604173.35,55933902.34,66161669.82,61261305.27,62272389.10,61542177.71,79102503.01,84338879.16,86653754.72,89638625.64,103046472.13,100179778.77,94243486.13,179650560.98,180157557.03,131511864.71,126134036.15,134980386.51,256385786.21,305026442.03,305482910.51,299656955.68,314973504.79,289410354.86,266989380.36,229483956.87,246277401.13,226788256.22,218837397.48,223166496.35,213551114.16,223465503.42,220414920.90,217493563.17,224661290.80,226571646.33,235211875.62,196674700.37,204182825.50,225030993.74,207012361.47,187982114.75,188077026.45,200845090.49,205474528.37,90078712.97,86021028.02,93485858.30,92787421.96,94288891.61,94840289.22,92728446.97,70640738.04,71329853.47,68529473.90,69332816.04,52474979.98,81663233.99,67869899.39,66654166.91,46963872.35,23533274.46,18135404.85,18589881.40,17555086.70,18222019.81,17862174.81,16821100.68,15809663.42,18441800.80,16770951.52,16691125.04,16895291.06,12367741.86,13925495.00,15925436.36,12109101.57,11088918.21,13614261.45,7572114.95,7494169.51,0.0
16,划分为持有待售的资产,0,0,0,0,0,0,0,0,0,0,0,0,0,0,0,0,0,0,0,0,0,0,0,0,0,0,0,0,0,0,0,0,0,0,0,0,0,0,0,0,0,0,0,0,0,0,0,0,0,0,0,0,0,0,0,0,0,0,0,0,0,0,0,0,0,0,0,0,0,0,0,0,0,0,0,0,0,0,0,0,0,0.0
17,一年内到期的非流动资产,0,0,0,0,0,0,0,0,0,0,0,0,0,0,0,0,0,0,0,0,0,0,0,0,0,0,0,0,0,0,0,0,0,0,0,0,0,0,0,0,0,0,0,0,0,0,0,0,0,0,0,0,0,0,0,0,0,0,0,0,0,0,0,0,0,0,0,0,0,0,0,0,0,0,0,0,0,0,0,0,0,0.0
18,待摊费用,0,0,0,0,0,0,0,0,0,0,0,0,0,0,0,0,0,0,0,0,0,0,0,0,0,0,0,0,0,0,0,0,0,0,0,0,0,0,0,0,0,0,0,0,0,0,0,0,0,0,0,0,0,0,2325.27,2423.00,0,3991.91,492.18,1604.54,0,9866.95,9099.38,35832.23,0,21747.06,21043.86,24929.81,0,0,0,0,0,5361.45,45061.01,1387957.05,83115.61,201486.47,3060.00,17882.31,69089.87,0.0
19,待处理流动资产损益,0,0,0,0,0,0,0,0,0,0,0,0,0,0,0,0,0,0,0,0,0,0,0,0,0,0,0,0,0,0,0,0,0,0,0,0,0,0,0,0,0,0,0,0,0,0,0,0,0,0,0,0,0,0,0,0,0,0,0,0,0,0,0,0,0,0,0,0,0,0,0,0,0,0,0,2230.24,0,0,0,0,0,0.0
20,其他流动资产,5868965.90,0,244982.96,567336.97,1357387.89,0,0,481560.49,4128672.02,0,0,57129716.97,67129716.97,31563679.23,35808962.25,0,0,110000000.00,20000000.00,0,0,0,0,0,0,0,0,0,0,0,0,0,0,0,0,0,0,0,0,0,0,0,0,0,0,0,0,0,0,0,0,0,0,0,0,0,0,0,0,0,0,0,0,0,0,0,0,0,0,0,0,0,0,0,0,0,0,0,0,0,0,0.0
21,流动资产合计,1341034746.27,1221561631.18,1161093595.62,1234787913.01,1087631845.11,1075865120.09,872597294.14,859390660.20,812123965.64,1323338841.64,1978635152.45,650221964.81,641529772.52,656430333.98,570094846.98,472148265.71,484018704.88,449729787.33,750614371.66,866548105.75,810560626.82,839852575.13,879749544.45,905157455.27,914440734.67,681630016.19,644733651.54,645414107.47,617956957.30,645709374.07,593441104.10,567131687.59,545032441.76,499973087.72,497110631.59,524951285.83,515649962.23,481486862.95,465682762.47,530116895.48,531505337.19,536965169.78,536123761.94,536524646.72,513076152.97,403278977.46,387717656.07,348991607.73,405353415.80,348450220.18,317381369.27,494519895.04,491808224.15,462033054.26,405686861.91,427204583.56,421509548.88,424058887.73,395316084.79,370456249.02,321384632.43,285270624.63,298978608.13,308849169.25,313633384.64,303062415.29,298064194.94,316621634.36,297130472.72,298497310.86,279397416.10,259876842.94,272944281.52,262706512.90,236754729.34,268286659.36,273201455.77,86647628.94,86162458.57,32110065.96,22836803.43,0.0
22,非流动资产,,,,,,,,,,,,,,,,,,,,,,,,,,,,,,,,,,,,,,,,,,,,,,,,,,,,,,,,,,,,,,,,,,,,,,,,,,,,,,,,,,
23,发放贷款及垫款,0,0,0,0,0,0,0,0,0,0,0,0,0,0,0,0,0,0,0,0,0,0,0,0,0,0,0,0,0,0,0,0,0,0,0,0,0,0,0,0,0,0,0,0,0,0,0,0,0,0,0,0,0,0,0,0,0,0,0,0,0,0,0,0,0,0,0,0,0,0,0,0,0,0,0,0,0,0,0,0,0,0.0
24,可供出售金融资产,0,0,0,19840000.00,19840000.00,65998752.66,65484209.69,65023417.93,64800447.92,64770177.06,64487758.67,64918408.98,64516914.43,24592178.88,24177575.59,25110182.51,24754063.61,24627358.00,24110903.98,24794902.03,24124169.64,23962583.67,0,0,0,0,0,0,0,0,0,0,0,0,0,0,0,0,0,0,0,0,0,0,0,0,0,0,0,0,0,0,0,0,0,0,0,0,0,0,0,0,0,0,0,0,0,0,0,0,0,0,0,0,0,0,0,0,0,0,0,0.0
25,持有至到期投资,0,0,0,0,0,0,0,0,0,0,0,0,0,0,0,0,0,0,0,0,0,0,0,0,0,0,0,0,0,0,0,0,0,0,0,0,0,0,0,0,0,40994790.47,40994790.47,40994790.47,106912417.47,107384317.47,111912417.47,111912417.47,111912417.47,0,0,0,0,0,0,0,0,0,0,0,0,0,0,0,0,0,0,0,0,0,0,0,0,0,0,0,0,0,0,0,0,0.0
26,长期应收款,0,0,0,0,0,0,0,0,0,0,0,0,0,0,0,0,0,0,0,0,0,0,0,0,0,0,0,0,0,0,0,0,0,0,0,0,0,0,0,0,0,0,0,0,0,0,0,0,0,0,0,0,0,0,0,0,0,0,0,0,0,0,0,0,0,0,0,0,0,0,0,0,0,0,0,0,0,0,0,0,0,0.0
27,长期股权投资,60966152.96,58857303.52,59791747.80,61617525.28,63654688.22,38726920.27,40907339.73,43829342.21,45582798.00,47864312.78,48048822.66,49344137.62,50098885.25,50178469.84,41426453.36,42092022.03,9482734.04,8693236.54,9157289.47,9431160.63,9934226.31,8529702.07,28914636.95,29326853.68,29764775.39,28630684.04,28824579.58,29415721.95,29753705.31,30242034.88,30242034.88,41853453.43,45228453.43,40710108.83,25460108.83,20193587.61,20193587.61,20252324.51,20252324.51,271251.37,271251.37,350000.00,350000.00,0,0,0,0,0,0,201080000.00,211080000.00,66326949.14,69353915.72,82621133.33,82823633.33,83026133.33,83228633.33,93074057.26,93354738.46,92738340.02,94104767.21,100879340.66,84745910.70,85564041.40,85058558.53,90561539.19,90764039.18,87210791.59,87210791.59,128475000.00,129624995.00,88229995.00,87629995.00,30295000.00,24500000.00,1981533.04,10800000.00,0,0,0,0,0.0
28,投资性房地产,34249224.18,34653492.00,35057759.82,35462027.64,35866295.46,36270563.28,36674831.10,37079098.92,37483366.74,37887634.56,38291902.38,38561414.14,39100438.02,32118518.11,32447081.29,32775644.47,33104207.65,33432770.83,41554815.47,41959056.41,42363297.35,42767538.29,43171779.23,43576020.17,43980261.11,46469382.54,46981912.89,47494443.24,48006973.59,48428878.14,48862558.43,49272687.24,49694591.79,50116496.34,50550176.63,41880302.08,42226528.87,42572755.66,42918982.45,43265209.24,43611436.03,43981214.30,44309777.48,41975413.51,42303976.69,43697264.79,44034335.79,44371406.79,44708477.79,45045548.79,45382619.79,45512327.14,0,0,0,0,0,0,0,0,0,0,0,0,0,0,0,0,0,0,0,0,0,0,0,0,0,0,0,0,0,0.0
29,在建工程(合计),32503609.81,26981681.61,26032847.76,11277491.41,11134530.62,8642538.68,4431990.52,5091553.24,4552521.73,0,4358726.76,0,3693828.50,0,932591.00,0,0,0,0,0,0,0,0,0,0,0,0,0,0,0,0,0,0,0,0,0,0,0,0,0,0,0,0,0,0,0,0,0,0,0,0,0,0,0,0,0,0,0,0,0,0,0,0,0,0,0,0,0,0,0,0,0,0,0,0,0,0,0,0,0,0,0.0
30,在建工程,32503609.81,0,26032847.76,0,11134530.62,8642538.68,4431990.52,5091553.24,4552521.73,3633121.05,4358726.76,3252932.30,3693828.50,1161081.21,932591.00,725000.00,2129066.12,3997904.06,3771700.19,0,0,32586916.62,25784634.52,19048942.18,14382562.09,9742068.86,6616115.70,3881258.69,1495662.70,1253080.07,1204913.07,1118913.07,1118913.07,1118913.07,1118913.07,1118913.07,1118913.07,1315402.10,1315402.10,1112563.07,1112563.07,1112563.07,985329.27,985329.27,985329.27,980348.00,342348.00,182348.00,182348.00,28065.00,28065.00,48000.00,8400.00,64220.00,61000.00,70629.24,64960.00,155945032.61,155445892.16,154571331.13,153140690.79,168357714.52,165762925.38,160934505.52,153485749.85,184933861.22,181457321.93,178676888.01,173366710.18,165700561.37,161039849.24,155444657.93,144882842.86,154456954.29,170246696.64,55309489.30,56202832.37,0,13500.00,62581708.25,312167.47,0.0
31,工程物资,0,0,0,0,0,0,0,0,0,0,0,0,0,0,0,0,0,0,0,0,0,0,0,0,0,0,0,0,0,0,0,0,0,0,0,0,0,0,0,0,0,0,0,0,0,0,0,0,0,0,0,0,0,0,0,0,0,0,0,0,0,0,0,0,0,0,0,0,0,0,0,0,0,0,0,0,0,0,0,0,0,0.0
32,固定资产及清理(合计),157712561.83,158800782.76,138399698.49,140195106.64,140006142.01,140974621.81,142579847.54,142773555.12,145226577.28,0,142718848.81,0,144794364.65,0,103180954.30,0,0,0,0,0,0,0,0,0,0,0,0,0,0,0,0,0,0,0,0,0,0,0,0,0,0,0,0,0,0,0,0,0,0,0,0,0,0,0,0,0,0,0,0,0,0,0,0,0,0,0,0,0,0,0,0,0,0,0,0,0,0,0,0,0,0,0.0
33,固定资产净额,157712561.83,0,138399698.49,0,140006142.01,140974621.81,142579847.54,142773555.12,145226577.28,144135527.10,142718848.81,143002560.57,144794364.65,102816490.69,103180954.30,104728176.24,104428624.74,101392002.21,104288090.83,106652092.56,108805523.17,72880164.39,72191732.75,72288177.98,73609672.88,89589199.39,90336806.13,92198056.10,93921824.34,79381012.91,81069376.35,82694418.66,84279542.46,75664293.10,77182754.88,87300816.54,88474153.79,89875301.83,91054382.20,90920591.56,93304190.77,83587393.34,84250270.70,85504741.88,87106294.37,152579261.91,154723723.32,157016357.52,159237742.46,163355019.96,165212104.30,166775526.68,213959444.36,215435060.25,217247351.89,218906575.34,221082136.94,136892960.25,138185914.70,139739393.62,140972894.02,124186978.89,125565247.16,126636594.69,127768693.39,91489418.53,92216944.93,93233328.50,94246677.48,91670245.45,92612463.10,93553000.10,94404981.74,100222050.26,80722269.34,83009642.45,82021800.86,80021438.79,81452616.09,18154432.95,16753881.60,0.0
34,固定资产清理,0,0,0,0,0,0,0,0,0,0,0,0,0,0,0,0,0,0,0,0,0,0,0,0,0,0,0,0,0,0,0,0,0,0,0,0,0,0,0,0,0,0,0,0,0,0,0,0,0,0,0,0,0,0,0,0,0,0,0,0,0,0,0,0,0,0,0,0,0,0,0,0,0,0,0,39871.50,0,0,0,0,0,0.0
35,生产性生物资产,0,0,0,0,0,0,0,0,0,0,0,0,0,0,0,0,0,0,0,0,0,0,0,0,0,0,0,0,0,0,0,0,0,0,0,0,0,0,0,0,0,0,0,0,0,0,0,0,0,0,0,0,0,0,0,0,0,0,0,0,0,0,0,0,0,0,0,0,0,0,0,0,0,0,0,0,0,0,0,0,0,0.0
36,公益性生物资产,0,0,0,0,0,0,0,0,0,0,0,0,0,0,0,0,0,0,0,0,0,0,0,0,0,0,0,0,0,0,0,0,0,0,0,0,0,0,0,0,0,0,0,0,0,0,0,0,0,0,0,0,0,0,0,0,0,0,0,0,0,0,0,0,0,0,0,0,0,0,0,0,0,0,0,0,0,0,0,0,0,0.0
37,油气资产,0,0,0,0,0,0,0,0,0,0,0,0,0,0,0,0,0,0,0,0,0,0,0,0,0,0,0,0,0,0,0,0,0,0,0,0,0,0,0,0,0,0,0,0,0,0,0,0,0,0,0,0,0,0,0,0,0,0,0,0,0,0,0,0,0,0,0,0,0,0,0,0,0,0,0,0,0,0,0,0,0,0.0
38,使用权资产,0,0,0,0,0,0,0,0,0,0,0,0,0,0,0,0,0,0,0,0,0,0,0,0,0,0,0,0,0,0,0,0,0,0,0,0,0,0,0,0,0,0,0,0,0,0,0,0,0,0,0,0,0,0,0,0,0,0,0,0,0,0,0,0,0,0,0,0,0,0,0,0,0,0,0,0,0,0,0,0,0,0.0
39,无形资产,1069673796.69,1100090840.44,1086265707.48,1080312469.13,1115984230.90,1194726251.10,1166863721.12,1126432770.41,1184517611.41,1218455352.23,1259107218.22,1298127934.15,1321695586.66,1264654883.98,1271865696.06,22568349.78,22699603.46,22830857.14,22963444.40,23104698.07,23245951.74,23387205.40,23523125.95,23761879.61,29310355.64,29549109.30,30793406.85,15890970.92,18223703.60,17407087.91,20296311.09,22573644.63,24522051.56,26285209.63,28048368.07,29811526.51,31574684.95,33321351.26,35092009.70,36862668.29,38633326.58,40403954.94,42171902.28,43942426.26,45712816.62,74214145.03,76141468.48,78068792.23,79996115.68,85410189.99,87530771.82,99651353.75,91771935.58,88917458.30,90853364.00,92791519.39,94725174.78,62847661.76,64438575.60,66029489.40,67620403.20,69306985.35,70998000.72,72714463.58,74359834.11,76670739.44,78046625.31,79685286.18,81123947.04,77906755.09,79523247.13,8342516.95,8463175.66,5273493.06,5515505.26,18658491.48,8206472.63,7388452.31,3976762.06,5413172.37,5413172.37,0.0
40,开发支出,18893582.31,17387901.45,17033553.40,15603041.14,15365352.76,14992435.88,14777954.53,13403354.83,13361883.42,11682824.99,11403032.54,10942831.37,10902981.75,10904496.10,10606955.29,10588410.95,10583965.58,10559361.03,10536623.99,10501861.75,10486455.54,16808377.10,16667416.67,16562034.17,15803366.28,21677651.52,21005410.07,20888068.71,20800295.49,26690881.34,26290027.30,25918187.83,25904371.83,25819989.27,25795144.52,25615096.02,25568984.24,25567364.24,25497364.24,26008387.86,25246093.49,24233696.21,23904341.08,23551327.31,22452963.58,21958066.39,21015810.29,20443106.46,19712669.27,11384855.41,10789828.85,355287.97,0,0,0,0,0,0,0,0,0,0,0,0,0,0,0,0,0,0,0,0,0,0,0,0,0,0,0,0,0,0.0
41,商誉,8876674.01,8876674.01,8876674.01,8876674.01,8876674.01,8876674.01,8876674.01,8876674.01,8876674.01,8876674.01,8876674.01,8876674.01,8876674.01,8876674.01,8876674.01,8876674.01,8876674.01,8876674.01,9172566.69,9172566.69,9172566.69,9172566.69,9172566.69,9172566.69,9172566.69,9172566.69,9172566.69,9172566.69,9172566.69,9172566.69,9172566.69,9172566.69,9172566.69,9165079.39,9165079.39,9314711.22,9314711.22,9314711.22,9314711.22,9314711.22,9314711.22,9314711.22,9314711.22,9314711.22,9314711.22,9314711.22,9314711.22,9314711.22,9314711.22,3601115.72,3601115.72,0,0,0,0,0,0,0,0,0,0,0,0,0,0,0,0,0,0,0,0,0,0,0,0,0,0,0,0,0,0,0.0
42,长期待摊费用,857180.05,937648.55,668278.99,33861.14,38277.80,42694.46,47111.12,51527.78,0,0,0,0,0,0,0,0,0,0,0,0,0,0,0,0,0,0,0,0,0,0,0,0,0,0,0,0,0,0,0,0,0,0,0,0,0,191135.98,205884.04,220632.10,235380.16,250128.22,264876.28,0,0,0,0,5000.00,10000.00,15000.00,20000.00,25000.00,30000.00,35000.00,40000.00,45000.00,50000.00,37980.00,0,0,0,0,0,0,0,975000.00,1169206.00,1946816.78,1500149.20,442026.16,165909.94,84717.88,106348.00,0.0
43,递延所得税资产,20750048.80,19729873.88,16549458.08,24608984.90,25267348.48,9366857.13,8237884.78,12739801.37,12930142.58,5499268.67,5506486.74,5018321.86,5020300.92,4952028.41,4952028.41,6331958.43,6252361.46,4903927.57,5059319.78,7750845.52,7750845.52,6391233.00,7040536.79,6996297.95,6996297.95,5582828.27,5582828.27,5819010.47,5819010.47,2911356.53,2911356.53,2911356.53,2911356.53,1426837.94,1426837.95,1347848.08,1347848.08,740263.88,740263.88,703944.88,703944.88,1772293.41,1772293.41,1796802.47,1796802.47,1385605.57,1385710.58,1309917.97,1309917.97,1008751.96,1017239.71,908112.66,0,0,0,0,0,0,0,0,0,0,0,0,0,0,0,0,0,0,0,0,0,0,0,0,0,0,0,0,0,0.0
44,其他非流动资产,1873850.00,3469255.74,15376679.72,15078178.30,8386580.00,4756959.00,1061996.90,923773.13,588660.00,0,0,0,449700.00,0,9068503.13,0,0,0,0,0,0,0,0,0,0,0,0,0,0,0,0,0,0,0,0,0,0,0,0,0,0,0,0,0,0,0,0,0,0,0,0,0,0,0,0,0,0,0,0,0,0,0,0,0,0,0,0,0,0,0,0,0,0,0,0,0,0,0,0,0,0,0.0
45,非流动资产合计,1426196680.64,1449625453.96,1423892405.55,1412905359.59,1444420120.26,1523375268.28,1489943561.04,1456224868.95,1517920683.09,1542804892.45,1582799470.79,1622045215.00,1649149674.19,1500254821.23,1507534512.44,253796418.42,222311300.67,219314091.39,230614754.80,233367183.66,235883035.96,236486287.23,226466429.55,220732772.43,223019858.03,240413490.61,239313626.18,224760096.77,227193742.19,215486898.47,220049144.34,235515228.08,242831847.36,230306927.57,218747383.34,216582801.13,219819411.83,222959474.70,226185440.30,208459327.49,212197517.41,245750616.96,248053415.91,248065542.39,316585311.69,411704856.36,419076409.19,422839689.76,426609780.02,511163675.05,524906621.47,379577557.34,375093695.66,387037871.88,390985349.22,394799857.30,399110905.05,448774711.88,451445120.92,453103554.17,455868755.22,462766019.42,447112083.96,445894605.19,440722835.88,443693538.38,442484931.35,438806294.28,435948126.29,463752561.91,462800554.47,345570169.98,335380995.26,291222497.61,282153677.24,164776465.62,163239589.09,88545516.71,86493641.02,87552810.09,24338273.86,0.0
46,资产总计,2767231426.91,2671187085.14,2584986001.17,2647693272.60,2532051965.37,2599240388.37,2362540855.18,2315615529.15,2330044648.73,2866143734.09,3561434623.24,2272267179.81,2290679446.71,2156685155.21,2077629359.42,725944684.13,706330005.55,669043878.72,981229126.46,1099915289.41,1046443662.78,1076338862.36,1106215974.00,1125890227.70,1137460592.70,922043506.80,884047277.72,870174204.24,845150699.49,861196272.54,813490248.44,802646915.67,787864289.12,730280015.29,715858014.93,741534086.96,735469374.06,704446337.65,691868202.77,738576222.97,743702854.60,782715786.74,784177177.85,784590189.11,829661464.66,814983833.82,806794065.26,771831297.49,831963195.82,859613895.23,842287990.74,874097452.38,866901919.81,849070926.14,796672211.13,822004440.86,820620453.93,872833599.61,846761205.71,823559803.19,777253387.65,748036644.05,746090692.09,754743774.44,754356220.52,746755953.67,740549126.29,755427928.64,733078599.01,762249872.77,742197970.57,605447012.92,608325276.78,553929010.51,518908406.58,433063124.98,436441044.86,175193145.65,172656099.59,119662876.05,47175077.29,0.0
47,流动负债,,,,,,,,,,,,,,,,,,,,,,,,,,,,,,,,,,,,,,,,,,,,,,,,,,,,,,,,,,,,,,,,,,,,,,,,,,,,,,,,,,
48,短期借款,0,0,0,0,0,0,0,0,0,0,44768908.40,44768908.40,44768908.40,44768908.40,44768908.40,44768908.40,44768908.40,44768908.40,104768908.40,134768908.40,134768908.40,124768908.40,124768908.40,124768908.40,114768908.40,124768908.40,124768908.40,124768908.40,114768908.40,129768908.40,129768908.40,129768908.40,129768908.40,102768908.40,102768908.40,102768908.40,102768908.40,94768908.40,94768908.40,94768908.40,94768908.40,94768908.40,139768908.40,139768908.40,139768908.40,116769253.86,130269253.86,130269253.86,129769253.86,151269253.86,170499992.58,196670000.00,204800000.00,204719849.58,205300000.00,241300000.00,257000000.00,262800000.00,262800000.00,262800000.00,261800000.00,261800000.00,261800000.00,281800000.00,281800000.00,284000000.00,283000000.00,304000000.00,274000000.00,244000000.00,245000000.00,134000000.00,134000000.00,90000000.00,30000000.00,0,0,29700000.00,30300000.00,5500000.00,7943358.06,0.0
49,交易性金融负债,244630.36,95289.29,0,0,0,0,0,0,0,0,0,0,0,0,0,0,0,0,0,0,0,0,0,0,0,0,0,0,0,0,0,0,0,0,0,0,0,0,0,0,0,0,0,0,0,0,0,0,0,0,0,0,0,0,0,0,0,0,0,0,0,0,0,0,0,0,0,0,0,0,0,0,0,0,0,0,0,0,0,0,0,0.0
50,应付票据及应付账款,12440650.65,8659863.13,7275171.69,7608241.89,9056734.01,17147622.33,21616660.62,7673475.12,10821972.17,0,11959572.63,0,580250122.63,0,36973996.61,0,0,0,0,0,0,0,0,0,0,0,0,0,0,0,0,0,0,0,0,0,0,0,0,0,0,0,0,0,0,0,0,0,0,0,0,0,0,0,0,0,0,0,0,0,0,0,0,0,0,0,0,0,0,0,0,0,0,0,0,0,0,0,0,0,0,0.0
51,应付票据,0,0,0,0,0,0,0,0,0,0,0,0,0.00,0,0,0,0,0,76248000.00,88484703.00,129981649.00,75295875.00,63377060.00,122362125.00,103684095.00,84850000.00,84258016.00,99563577.48,110391025.20,117287111.84,92239835.50,79994751.00,89973951.50,64676661.99,54641813.62,106833952.64,109454220.15,76860853.29,78936927.16,109075537.94,129727482.46,96091970.00,91084205.58,95329630.78,102351466.37,94968121.75,94030604.95,66591916.54,87902823.91,68383788.11,76531893.21,73683632.13,76482738.87,79627099.76,66776243.64,59846006.52,60432681.69,40897781.30,39815727.54,23556140.80,9615634.91,0,0,0,0,0,0,0,0,0,0,0,0,0,0,10000000.00,0,0,0,0,3500000.00,0.0
52,应付账款,12440650.65,8659863.13,7275171.69,0,9056734.01,0,21616660.62,7673475.12,10821972.17,34164701.40,11959572.63,595120888.49,580250122.63,24494206.90,36973996.61,7920034.40,5929206.90,7480471.18,114083053.05,150725713.44,96553063.64,184841544.60,203864767.28,125077346.96,115371056.18,133383073.91,135738527.33,120902957.33,99376716.31,99596186.16,95073514.77,104542428.90,86761574.00,82535452.79,102821731.10,94851063.31,81744752.54,88278536.52,86956041.31,109518730.41,80805935.23,127981229.52,105720074.67,114748896.49,99526217.00,98175520.41,89707940.51,101655084.66,81519666.47,95433285.94,96603418.14,99000239.39,68227263.58,58102182.98,47021388.91,60621839.58,46865977.73,73189975.18,43872803.77,51289308.72,31100660.55,11879873.32,6820083.70,6791569.80,10583916.15,6489188.66,3864291.48,3302085.81,4481669.02,2842507.85,2000865.58,1742141.01,2998442.80,2857209.05,4624245.68,5094416.44,5841782.47,3828577.95,1610627.50,371338.18,876327.10,0.0
53,预收款项,5513982.57,2508871.53,3151734.24,1986392.15,3616360.82,3651154.29,3614342.65,2413283.64,2373000.94,3853461.66,5919749.76,3351759.81,81734131.58,11290321.94,10747295.82,10088187.53,4011687.09,3180257.25,8322453.66,57352461.04,79941061.99,66893370.04,111116132.68,167840374.71,224203069.43,33822277.42,2816558.35,2286845.30,7787116.97,4785935.36,13911471.16,14540671.64,11799643.39,17268725.50,10227582.69,8190572.17,17082141.41,8279061.88,6735001.84,12513138.88,10894794.09,13633413.86,13531264.24,20099873.51,19029186.54,33403656.96,45316951.77,14935191.71,44874871.80,68254455.50,68811466.54,65306588.98,52250235.84,26508856.28,21878132.99,3610465.58,311702.07,810284.08,457660.91,209325.50,919919.12,262390.93,130790.93,350790.93,380598.63,117011.03,52686.03,310626.83,4018807.01,0,0,110.00,3064116.74,3564951.13,2499192.85,90000.00,723066.31,0,593845.07,527952.39,87227.20,0.0
54,应付手续费及佣金,0,0,0,0,0,0,0,0,0,0,0,0,0,0,0,0,0,0,0,0,0,0,0,0,0,0,0,0,0,0,0,0,0,0,0,0,0,0,0,0,0,0,0,0,0,0,0,0,0,0,0,0,0,0,0,0,0,0,0,0,0,0,0,0,0,0,0,0,0,0,0,0,0,0,0,0,0,0,0,0,0,0.0
55,应付职工薪酬,21650029.08,11352157.22,9879743.32,9882498.46,17113257.67,9429202.38,8931163.89,9232968.72,11060079.92,8207061.05,8188219.71,7591472.13,11474425.66,7316474.47,6982940.47,6655530.74,9898144.15,6226781.62,6787476.98,7901788.19,7909235.33,3148267.34,3974373.25,3426032.40,5385061.35,2046226.33,2015671.18,2038644.92,2558931.96,1980081.23,1986045.09,2009614.98,2383655.44,1948736.91,1992994.92,1999435.50,1926909.16,1980288.27,1945895.78,1925509.27,1924117.92,2014558.00,1903741.26,1726253.59,1742498.82,1528287.73,1456315.14,600426.22,1465577.09,6415302.79,5989743.49,5479199.96,4431756.63,3518088.19,2780387.91,2254065.29,1982323.04,1708432.90,1691211.11,1596531.94,1452089.05,1283269.34,1354936.37,1447511.37,1278355.36,1432050.48,1288183.24,1145203.44,1169870.10,1133671.85,984905.13,821344.30,828167.11,506238.34,376583.37,383179.18,330757.69,350915.34,302664.12,184482.48,137461.24,0.0
56,应交税费,28683721.27,29881847.53,25355322.32,25448593.41,29317887.09,29605797.90,26553318.80,24195730.33,34244246.01,26610809.03,14194901.24,22787872.09,38230889.85,21052025.44,15997891.79,13451097.91,26812565.61,16230202.56,24320346.92,17526542.69,10072756.17,16418805.34,21520339.72,10326734.23,13133099.48,10982605.10,14067815.99,12906123.09,14214806.57,15204670.29,13919361.17,17797042.40,13313194.50,20455410.66,15992515.30,17763077.69,11615730.16,21301423.98,16758642.12,12282820.97,11213478.13,20711784.41,18895863.31,18319369.54,9206797.28,14367491.27,12193684.74,15620270.82,8334461.55,10491195.75,9999460.57,8107380.38,18109341.20,9058060.48,5184457.16,9034574.88,10402149.97,9643593.17,8138224.90,9633112.75,8502570.79,8099059.51,7618625.94,5936616.13,8761544.57,7095187.39,6238524.46,6098376.92,9208222.24,7786820.58,6801485.06,6505740.75,6750718.54,8434336.66,7232166.09,8044636.92,6161947.11,4354251.49,7337878.00,0,2197536.88,0.0
57,其他应付款(合计),241313371.45,213198565.66,258822781.18,287811352.22,202163162.16,238250040.26,157474575.57,187916355.60,205765006.89,0,863502817.90,0,848263420.28,0,1414558407.06,0,0,0,0,0,0,0,0,0,0,0,0,0,0,0,0,0,0,0,0,0,0,0,0,0,0,0,0,0,0,0,0,0,0,0,0,0,0,0,0,0,0,0,0,0,0,0,0,0,0,0,0,0,0,0,0,0,0,0,0,0,0,0,0,0,0,0.0
58,应付利息,0,0,0,0,0,0,0,0,0,3443053.02,42035622.79,41307872.20,40904952.02,40493078.06,40081204.10,39266409.97,39266409.97,38524742.52,38425993.62,38644225.72,37118176.24,40288439.75,37940410.49,35616895.75,33686315.10,31482417.56,29633090.93,27244732.68,25986675.43,23383628.31,20428228.23,19156192.56,17884156.89,16598142.81,15312128.73,14040093.06,12782035.80,11496021.71,10210007.62,8951950.36,7693893.10,7281094.31,6340389.26,6105404.85,4386764.43,1977672.00,271005.12,266631.79,266631.79,0,0,0,0,0,0,0,0,0,0,0,0,0,0,0,0,0,0,0,0,0,0,0,0,0,0,0,0,0,0,0,0,0.0
59,应付股利,0,0,0,0,0,0,0,0,0,0,0,0,0,0,0,0,0,0,0,0,0,0,3506400.00,0,0,0,0,0,0,0,0,0,0,0,0,0,0,0,0,0,0,0,0,0,0,0,0,0,0,0,0,0,0,0,0,0,0,0,0,0,0,0,0,0,0,0,0,0,0,0,2634000.00,6130000.00,6130000.00,0,24520000.00,0,0,0,0,0,0,0.0
60,其他应付款,241313371.45,0,258822781.18,0,202163162.16,238250040.26,157474575.57,187916355.60,205765006.89,182809505.31,821467195.11,815611598.80,807358468.26,1401803526.42,1374477202.96,69295179.23,61534632.02,67121299.74,150357089.99,154182355.90,108993736.13,115711419.03,101025514.67,104737038.43,103476661.19,89639280.02,81960761.42,74429881.58,66405777.15,70233392.21,59138702.44,59048029.66,64675641.41,66968203.90,61438539.40,54911656.67,58093691.26,74508493.45,75989781.74,73461395.73,92588481.91,110068412.77,108178808.27,95519191.92,161821801.87,166620470.28,150941023.62,162177876.36,196287553.09,118751875.40,56094720.82,29776436.39,37708761.50,61762445.92,44828684.93,45385003.39,42619848.99,39209768.84,46144990.44,32336439.46,21397472.87,28006594.86,34015404.51,26447148.22,19973383.85,17802069.00,17946496.98,15025396.37,14922338.14,58014232.03,36402068.32,13143031.76,12949376.65,14682970.83,26592181.13,6380700.28,33648631.01,1971342.65,1673617.81,1708834.39,14536164.00,0.0
61,预提费用,0,0,0,0,0,0,0,0,0,0,0,0,0,0,0,0,0,0,0,0,0,0,0,0,0,0,0,0,0,0,0,0,0,0,0,0,0,0,0,0,0,0,0,0,0,0,0,0,0,0,0,0,735938.92,389488.90,359236.79,618911.56,547420.56,394270.23,372456.17,337254.11,350061.36,550433.75,414148.67,452169.88,472199.75,320093.83,321138.83,443039.60,419688.94,366800.00,397365.65,266777.16,271922.16,457967.50,146992.50,7717.50,5145.00,101668.00,679512.65,0,0,0.0
62,一年内的递延收益,0,0,0,0,0,0,0,0,0,0,0,0,0,0,0,0,0,0,0,0,0,0,0,0,0,0,0,0,0,0,0,0,0,0,0,0,0,0,0,0,0,0,0,0,0,0,0,0,0,0,0,0,0,0,0,0,0,0,0,0,0,0,0,0,0,0,0,0,0,0,0,0,0,0,0,0,0,0,0,0,0,0.0
63,应付短期债券,0,0,0,0,0,0,0,0,0,0,0,0,0,0,0,0,0,0,0,0,0,0,0,0,0,0,0,0,0,0,0,0,0,0,0,0,0,0,0,0,0,0,0,0,0,0,0,0,0,0,0,0,0,0,0,0,0,0,0,0,0,0,0,0,0,0,0,0,0,0,0,0,0,0,0,0,0,0,0,0,0,0.0
64,一年内到期的非流动负债,0,0,0,0,0,0,0,0,0,0,0,0,0,0,0,0,0,0,0,0,0,0,0,0,0,0,0,0,0,0,0,0,0,0,0,0,0,0,0,0,0,0,0,0,0,0,0,0,0,0,0,0,0,0,0,0,0,0,0,0,0,0,0,0,0,0,0,0,0,30000000.00,30000000.00,30000000.00,30000000.00,0,0,0,0,0,0,0,0,0.0
65,其他流动负债,0,0,0,0,0,0,0,0,0,0,0,0,0,0,0,0,0,0,0,0,0,0,0,0,0,0,0,0,0,0,0,0,0,0,0,0,0,0,0,0,0,0,0,0,0,0,0,0,0,0,0,0,0,0,0,0,0,0,0,0,0,0,0,0,0,0,0,0,0,0,0,0,0,0,0,0,0,0,0,0,0,0.0
66,流动负债合计,309846385.38,265696594.36,304484752.75,332737078.13,261267401.75,298083817.16,218190061.53,231431813.41,264264305.93,259088591.47,948534169.64,1530540371.92,1604721898.40,1551218541.63,1530029440.15,191445348.18,192221554.14,183532663.27,523313322.62,649586698.38,605338586.90,627366629.50,671093906.49,694155455.88,713708266.13,510974788.74,475259349.60,464141670.78,441489957.99,462239913.80,426466066.76,426857639.54,416560725.53,373220242.96,365196214.16,401358759.44,395468388.88,377473587.50,372301205.97,422497991.96,429617091.24,472551371.27,485423254.99,491617529.08,537833640.71,527810474.26,524186779.71,492116651.96,550420839.56,518999157.35,484530695.35,478023477.23,463128348.72,443798186.02,394197229.45,422759095.50,420339405.23,428720699.53,403360889.01,381829110.50,335212462.57,311925057.06,312164884.36,323220337.40,323291579.11,317264388.23,312720981.55,330333440.81,308231510.87,344156282.15,324232805.70,192619868.41,197022800.30,120518693.19,96012444.74,30019699.41,46732383.38,40320933.81,42516452.69,8295464.11,29278074.48,0.0
67,非流动负债,,,,,,,,,,,,,,,,,,,,,,,,,,,,,,,,,,,,,,,,,,,,,,,,,,,,,,,,,,,,,,,,,,,,,,,,,,,,,,,,,,
68,长期借款,0,0,0,0,0,0,0,0,0,613613487.44,640706972.86,0,0,0,0,0,0,0,0,0,0,0,0,0,0,0,0,0,0,0,0,0,0,0,0,0,0,0,0,0,0,0,0,0,0,0,0,0,0,0,0,0,0,0,0,0,0,0,0,0,0,0,0,0,0,0,0,0,0,0,0,0,0,30000000.00,30000000.00,0,0,29161000.00,29161000.00,26027411.94,0,0.0
69,应付债券,0,0,0,0,0,0,0,0,0,0,0,0,0,0,0,0,0,0,0,0,0,0,0,0,0,0,0,0,0,0,0,0,0,0,0,0,0,0,0,0,0,0,0,0,0,0,0,0,0,0,0,0,0,0,0,0,0,0,0,0,0,0,0,0,0,0,0,0,0,0,0,0,0,0,0,0,0,0,0,0,0,0.0
70,租赁负债,0,0,0,0,0,0,0,0,0,0,0,0,0,0,0,0,0,0,0,0,0,0,0,0,0,0,0,0,0,0,0,0,0,0,0,0,0,0,0,0,0,0,0,0,0,0,0,0,0,0,0,0,0,0,0,0,0,0,0,0,0,0,0,0,0,0,0,0,0,0,0,0,0,0,0,0,0,0,0,0,0,0.0
71,长期应付职工薪酬,0,0,0,0,0,0,0,0,0,0,0,0,0,0,0,0,0,0,0,0,0,0,0,0,0,0,0,0,0,0,0,0,0,0,0,0,0,0,0,0,0,0,0,0,0,0,0,0,0,0,0,0,0,0,0,0,0,0,0,0,0,0,0,0,0,0,0,0,0,0,0,0,0,0,0,0,0,0,0,0,0,0.0
72,长期应付款(合计),500000.00,500000.00,500000.00,500000.00,500000.00,500000.00,0,0,0,0,6000000.00,0,6000000.00,0,6000000.00,0,0,0,0,0,0,0,0,0,0,0,0,0,0,0,0,0,0,0,0,0,0,0,0,0,0,0,0,0,0,0,0,0,0,0,0,0,0,0,0,0,0,0,0,0,0,0,0,0,0,0,0,0,0,0,0,0,0,0,0,0,0,0,0,0,0,0.0
73,长期应付款,500000.00,0,0,0,0,500000.00,0,0,0,0,0,0,0,0,0,0,0,0,0,0,0,0,0,0,0,0,0,0,0,0,0,0,0,0,0,0,0,0,0,0,0,0,0,0,0,0,0,0,0,0,0,0,0,0,0,0,0,0,0,0,0,0,0,0,0,0,6000000.00,0,0,0,0,6000000.00,0,0,0,0,0,0,0,0,0,0.0
74,专项应付款,0,0,500000.00,0,500000.00,0,0,0,0,6000000.00,6000000.00,6000000.00,6000000.00,6000000.00,6000000.00,6000000.00,6000000.00,6000000.00,6000000.00,6000000.00,6000000.00,6000000.00,6000000.00,6000000.00,6000000.00,6000000.00,6000000.00,6000000.00,6000000.00,6000000.00,6000000.00,6000000.00,6000000.00,6000000.00,6000000.00,6000000.00,6000000.00,6000000.00,6000000.00,6000000.00,6000000.00,12621670.00,12632830.00,12632830.00,12674830.00,12260000.00,7760000.00,7760000.00,7260000.00,7260000.00,7260000.00,7130000.00,7430000.00,7530000.00,7030000.00,7030000.00,7030000.00,6980000.00,6980000.00,6980000.00,6530000.00,6530000.00,6530000.00,6530000.00,6530000.00,6000000.00,0,6000000.00,6000000.00,6000000.00,6000000.00,0,0,0,0,0,0,0,0,0,0,0.0
75,预计非流动负债,0,0,0,0,0,0,0,0,0,0,0,0,0,0,0,0,0,0,0,0,0,0,0,0,0,0,0,0,0,0,0,0,0,0,0,0,0,0,0,0,0,0,0,0,0,0,0,0,0,0,0,0,0,0,0,0,0,0,0,0,0,0,0,0,0,0,0,0,0,0,0,0,0,0,0,0,0,0,0,0,0,0.0
76,递延所得税负债,222861.54,80987.78,80987.78,80987.78,80987.78,1025110.47,978801.59,937330.33,917263.03,733623.51,708205.84,746964.38,710829.86,413296.10,375981.79,459917.33,427865.72,416462.23,369981.36,678991.36,618625.45,0,0,0,0,0,0,0,0,0,0,0,0,0,0,0,0,0,0,0,0,0,0,0,0,0,0,0,0,0,0,0,0,0,0,0,0,0,0,0,0,0,0,0,0,0,0,0,0,0,0,0,0,0,0,0,0,0,0,0,0,0.0
77,长期递延收益,9871888.73,12730347.49,12834471.25,12939804.05,13046345.89,16562802.69,18661969.34,19361135.99,19460302.64,19559469.29,20858635.94,20957802.59,21056969.24,21492802.56,21588635.88,21684469.20,21780302.52,20315435.84,20411269.16,20207102.48,20302935.80,0,0,0,0,0,0,0,0,0,0,0,0,0,0,0,0,0,0,0,0,0,0,0,0,0,0,0,0,0,0,0,0,0,0,0,0,0,0,0,0,0,0,0,0,0,0,0,0,0,0,0,0,0,0,0,0,0,0,0,0,0.0
78,其他非流动负债,0,0,0,0,0,0,0,0,0,0,0,0,0,0,0,0,0,0,0,0,0,20296685.80,19990435.80,19154185.80,18547935.80,19605250.00,18499000.00,12332750.00,12226500.00,14876517.00,14989030.00,12232780.00,10367830.00,10531580.00,9625330.00,9719080.00,9812830.00,8806580.00,8900330.00,8087830.00,8087830.00,0,0,0,0,0,0,0,0,0,0,0,0,0,0,0,0,0,0,0,0,0,0,0,0,0,0,0,0,0,0,0,4800000.00,0,0,0,0,0,0,0,0,0.0
79,非流动负债合计,10594750.27,13311335.27,13415459.03,13520791.83,13627333.67,18087913.16,19640770.93,20298466.32,20377565.67,639906580.24,668273814.64,27704766.97,27767799.10,27906098.66,27964617.67,28144386.53,28208168.24,26731898.07,26781250.52,26886093.84,26921561.25,26296685.80,25990435.80,25154185.80,24547935.80,25605250.00,24499000.00,18332750.00,18226500.00,20876517.00,20989030.00,18232780.00,16367830.00,16531580.00,15625330.00,15719080.00,15812830.00,14806580.00,14900330.00,14087830.00,14087830.00,12621670.00,12632830.00,12632830.00,12674830.00,12260000.00,7760000.00,7760000.00,7260000.00,7260000.00,7260000.00,7130000.00,7430000.00,7530000.00,7030000.00,7030000.00,7030000.00,6980000.00,6980000.00,6980000.00,6530000.00,6530000.00,6530000.00,6530000.00,6530000.00,6000000.00,6000000.00,6000000.00,6000000.00,6000000.00,6000000.00,6000000.00,4800000.00,30000000.00,30000000.00,0,0,29161000.00,29161000.00,26027411.94,0,0.0
80,负债合计,320441135.65,279007929.63,317900211.78,346257869.96,274894735.42,316171730.32,237830832.46,251730279.73,284641871.60,898995171.71,1616807984.28,1558245138.89,1632489697.50,1579124640.29,1557994057.82,219589734.71,220429722.38,210264561.34,550094573.14,676472792.22,632260148.15,653663315.30,697084342.29,719309641.68,738256201.93,536580038.74,499758349.60,482474420.78,459716457.99,483116430.80,447455096.76,445090419.54,432928555.53,389751822.96,380821544.16,417077839.44,411281218.88,392280167.50,387201535.97,436585821.96,443704921.24,485173041.27,498056084.99,504250359.08,550508470.71,540070474.26,531946779.71,499876651.96,557680839.56,526259157.35,491790695.35,485153477.23,470558348.72,451328186.02,401227229.45,429789095.50,427369405.23,435700699.53,410340889.01,388809110.50,341742462.57,318455057.06,318694884.36,329750337.40,329821579.11,323264388.23,318720981.55,336333440.81,314231510.87,350156282.15,330232805.70,198619868.41,201822800.30,150518693.19,126012444.74,30019699.41,46732383.38,69481933.81,71677452.69,34322876.05,29278074.48,0.0
81,所有者权益,,,,,,,,,,,,,,,,,,,,,,,,,,,,,,,,,,,,,,,,,,,,,,,,,,,,,,,,,,,,,,,,,,,,,,,,,,,,,,,,,,
82,实收资本(或股本),177098459.00,179619205.00,179619205.00,179619205.00,179619205.00,179619205.00,179619205.00,179619205.00,179619205.00,179619205.00,179619205.00,145589000.00,145589000.00,145589000.00,145589000.00,145589000.00,145589000.00,145589000.00,145589000.00,145589000.00,145589000.00,145589000.00,145589000.00,145589000.00,145589000.00,145589000.00,145589000.00,145589000.00,145589000.00,145589000.00,145589000.00,145589000.00,145589000.00,145589000.00,145589000.00,145589000.00,145589000.00,145589000.00,138710000.00,138710000.00,138710000.00,138710000.00,138710000.00,138710000.00,138710000.00,138710000.00,138710000.00,138710000.00,138710000.00,138710000.00,122600000.00,122600000.00,122600000.00,122600000.00,122600000.00,122600000.00,122600000.00,122600000.00,122600000.00,122600000.00,122600000.00,122600000.00,122600000.00,122600000.00,122600000.00,122600000.00,122600000.00,122600000.00,122600000.00,122600000.00,122600000.00,122600000.00,122600000.00,122600000.00,122600000.00,122600000.00,122600000.00,95340000.00,77600000.00,85340000.00,17897002.81,0.0
83,资本公积,1326484738.07,1408969422.04,1408969422.04,1408969422.04,1408969422.04,1408969422.04,1408969422.04,1408969422.04,1408969422.04,1408969422.04,1408969422.04,216672088.28,216672088.28,216672088.28,216672088.28,216672088.28,216672088.28,216672088.28,216668491.44,216668491.44,216668491.44,220631075.11,216668491.44,216668491.44,216668491.44,216668491.44,216668491.44,216668491.44,216668491.44,215523162.90,215523162.90,215523162.90,215523162.90,215523162.90,215523162.90,215523162.90,215523162.90,215523162.90,222402162.90,222402162.90,222402162.90,222402162.90,222402162.90,222402162.90,222402162.90,222402162.90,222402162.90,222402162.90,222402162.90,222402162.90,238512162.90,238512162.90,238512162.90,238512162.90,238512162.90,238512162.90,238512162.90,238512162.90,238512162.90,238512162.90,238512162.90,238512162.90,238512162.90,238512162.90,238512162.90,238512162.90,238512162.90,238512162.90,238512162.90,238512162.90,238512162.90,238512162.90,238512162.90,238512162.90,238512162.90,238378646.90,238378646.90,0,23378646.90,0,0,0.0
84,减：库存股,0,85005429.97,85005429.97,0,0,0,0,0,0,0,0,0,0,0,0,0,0,0,0,0,0,0,0,0,0,0,0,0,0,0,0,0,0,0,0,0,0,0,0,0,0,0,0,0,0,0,0,0,0,0,0,0,0,0,0,0,0,0,0,0,0,0,0,0,0,0,0,0,0,0,0,0,0,0,0,0,0,0,0,0,0,0.0
85,其他综合收益,77656686.69,97819805.21,56044260.56,26839290.80,53929128.88,65120071.02,9065677.61,-59481466.29,-8891333.75,10033857.10,5211958.09,5720675.71,4880478.63,4329492.11,3944072.23,4650265.18,4326197.89,4210895.77,3740922.62,4115910.67,3505544.19,0,0,0,0,0,0,0,0,0,0,0,0,0,0,0,0,0,0,0,0,0,0,0,0,0,0,0,0,0,0,0,0,0,0,0,0,0,0,0,0,0,0,0,0,0,0,0,0,0,0,0,0,0,0,0,0,0,0,0,0,0.0
86,专项储备,0,0,0,0,0,0,0,0,0,0,0,0,0,0,0,0,0,0,0,0,0,0,0,0,0,0,0,0,0,0,0,0,0,0,0,0,0,0,0,0,0,0,0,0,0,0,0,0,0,0,0,0,0,0,0,0,0,0,0,0,0,0,0,0,0,0,0,0,0,0,0,0,0,0,0,0,0,0,0,0,0,0.0
87,盈余公积,90399586.99,83406425.69,83406425.69,83406425.69,83406425.69,68637287.14,68637287.14,68637287.14,68637287.14,52194957.13,52194957.13,52194957.13,52194957.13,39053141.47,39053141.47,39053141.47,39053141.47,29870214.24,29951541.66,29951541.66,29951541.66,26516779.08,26516779.08,26516779.08,26516779.08,23026427.51,23026427.51,23026427.51,23026427.51,20847357.44,20847357.44,20847357.44,20847357.44,19286177.64,19286177.64,19286177.64,19286177.64,18208025.30,18208025.30,18208025.30,18208025.30,17117541.89,17117541.89,17117541.89,17117541.89,17117541.89,17117541.89,17117541.89,17117541.89,17117541.89,17117541.89,17117541.89,17117541.89,17024661.18,17024661.18,17024661.18,17024661.18,16127967.88,16127967.88,16127967.88,16127967.88,14211311.80,14211311.80,14211311.80,14211311.80,13273264.58,13273264.58,13273264.58,13273264.58,11546006.99,11546006.99,11546006.99,11546006.99,10358324.10,8870647.99,4961247.98,4961247.98,1555681.77,0,0,0,0.0
88,一般风险准备,0,0,0,0,0,0,0,0,0,0,0,0,0,0,0,0,0,0,0,0,0,0,0,0,0,0,0,0,0,0,0,0,0,0,0,0,0,0,0,0,0,0,0,0,0,0,0,0,0,0,0,0,0,0,0,0,0,0,0,0,0,0,0,0,0,0,0,0,0,0,0,0,0,0,0,0,0,0,0,0,0,0.0
89,未分配利润,765420543.06,699145849.96,617440032.79,597269002.95,526551555.98,556861750.23,455398244.23,463531192.21,394867877.45,316433723.28,299469940.71,295431942.74,241298035.77,174160620.64,117857696.58,103865162.62,83812285.68,65707425.89,25773230.05,16952262.98,8638890.52,21947579.96,11631203.77,7972522.13,-170877.68,-10220286.83,-13879553.15,-10845019.78,-13642477.03,-17882075.53,-30661078.77,-39003232.48,-41993588.10,-48878927.45,-54745767.64,-60345277.48,-60946737.38,-72612248.65,-80290041.74,-82967991.00,-84541334.39,-84683076.94,-96361236.76,-101622188.32,-102537918.69,-107936863.50,-108725502.91,-112018659.78,-109024183.40,-52095590.04,-35572144.59,2377757.79,9750387.15,9964940.18,7882163.78,5324172.72,6765993.08,51679016.94,50884744.18,49291078.11,48986650.69,49548961.82,47860694.90,45086548.08,44822024.33,44652334.60,42988113.40,40237917.53,39985119.78,37118975.52,36995023.66,31514865.10,31514865.10,31077219.67,22021393.28,23768766.60,23768766.60,8815530.07,0,0,0,0.0
90,归属于母公司股东权益合计,2437060013.81,2383955277.93,2260473916.11,2296103346.48,2252475737.59,2279207735.43,2121689836.02,2061275640.10,2043202457.88,1967251164.55,1945465482.97,715608663.86,660634559.81,579804342.50,523115998.56,509829657.55,489452713.32,462049624.18,421723185.77,413277206.75,404353467.81,414684434.15,400405474.29,396746792.65,388603392.84,375063632.12,371404365.80,374438899.17,371641441.92,364077444.81,351298441.57,342956287.86,339965932.24,331519413.09,325652572.90,320053063.06,319451603.16,306707939.55,299030146.46,296352197.20,294778853.81,293546627.85,281868468.03,276607516.47,275691786.10,270292841.29,269504201.88,266211045.01,269205521.39,326134114.75,342657560.20,380607462.58,387980091.94,388101764.26,386018987.86,383460996.80,384902817.16,428919147.72,428124874.96,426531208.89,426226781.47,424872436.52,423184169.60,420410022.78,420145499.03,419037762.08,417373540.88,414623345.01,414370547.26,409777145.41,409653193.55,404506400.12,404173034.99,402547706.67,392004204.17,400856051.91,389708661.48,105711211.84,100978646.90,85340000.00,17897002.81,0.0
91,少数股东权益,9730277.45,8223877.58,6611873.28,5332056.16,4681492.36,3860922.62,3020186.70,2609609.32,2200319.25,-102602.17,-838844.01,-1586622.94,-2444810.60,-2243827.58,-3480696.96,-3474708.13,-3552430.15,-3270306.80,9411367.55,10165290.44,9830046.82,7991112.91,8726157.42,9833793.37,10600997.93,10399835.94,12884562.32,13260884.29,13792799.58,14002396.93,14736710.11,14600208.27,14969801.35,9008779.24,9383897.87,4403184.46,4736552.02,5458230.60,5636520.34,5638203.81,5219079.55,3996117.62,4252624.83,3732313.56,3461207.85,4620518.27,5343083.67,5743600.52,5076834.87,7220623.13,7839735.19,8336512.57,8363479.15,9640975.86,9425993.82,8754348.56,8348231.54,8213752.36,8295441.74,8219483.80,9284143.61,4709150.47,4211638.13,4583414.26,4389142.38,4453803.36,4454603.86,4471142.82,4476540.88,2316445.21,2311971.32,2320744.39,2329441.49,862610.65,891757.67,2187373.66,0,0,0,0,0,0.0
92,所有者权益(或股东权益)合计,2446790291.26,2392179155.51,2267085789.39,2301435402.64,2257157229.95,2283068658.05,2124710022.72,2063885249.42,2045402777.13,1967148562.38,1944626638.96,714022040.92,658189749.21,577560514.92,519635301.60,506354949.42,485900283.17,458779317.38,431134553.32,423442497.19,414183514.63,422675547.06,409131631.71,406580586.02,399204390.77,385463468.06,384288928.12,387699783.46,385434241.50,378079841.74,366035151.68,357556496.13,354935733.59,340528192.33,335036470.77,324456247.52,324188155.18,312166170.15,304666666.80,301990401.01,299997933.36,297542745.47,286121092.86,280339830.03,279152993.95,274913359.56,274847285.55,271954645.53,274282356.26,333354737.88,350497295.39,388943975.15,396343571.09,397742740.12,395444981.68,392215345.36,393251048.70,437132900.08,436420316.70,434750692.69,435510925.08,429581586.99,427395807.73,424993437.04,424534641.41,423491565.44,421828144.74,419094487.83,418847088.14,412093590.62,411965164.87,406827144.51,406502476.48,403410317.32,392895961.84,403043425.57,389708661.48,105711211.84,100978646.90,85340000.00,17897002.81,0.0
93,负债和所有者权益(或股东权益)总计,2767231426.91,2671187085.14,2584986001.17,2647693272.60,2532051965.37,2599240388.37,2362540855.18,2315615529.15,2330044648.73,2866143734.09,3561434623.24,2272267179.81,2290679446.71,2156685155.21,2077629359.42,725944684.13,706330005.55,669043878.72,981229126.46,1099915289.41,1046443662.78,1076338862.36,1106215974.00,1125890227.70,1137460592.70,922043506.80,884047277.72,870174204.24,845150699.49,861196272.54,813490248.44,802646915.67,787864289.12,730280015.29,715858014.93,741534086.96,735469374.06,704446337.65,691868202.77,738576222.97,743702854.60,782715786.74,784177177.85,784590189.11,829661464.66,814983833.82,806794065.26,771831297.49,831963195.82,859613895.23,842287990.74,874097452.38,866901919.81,849070926.14,796672211.13,822004440.86,820620453.93,872833599.61,846761205.71,823559803.19,777253387.65,748036644.05,746090692.09,754743774.44,754356220.52,746755953.67,740549126.29,755427928.64,733078599.01,762249872.77,742197970.57,605447012.92,608325276.78,553929010.51,518908406.58,433063124.98,436441044.86,175193145.65,172656099.59,119662876.05,47175077.29,0.0
